<?xml version="1.0"?>
<opencv_storage>
<calibration_Time>"12/12/14 13:28:47"</calibration_Time>
<nrOfFrames>25</nrOfFrames>
<image_Width>432</image_Width>
<image_Height>240</image_Height>
<board_Width>9</board_Width>
<board_Height>6</board_Height>
<square_Size>155.</square_Size>
<FixAspectRatio>1.</FixAspectRatio>
<!-- flags:  +fix_aspectRatio +fix_principal_point +zero_tangent_dist -->
<flagValue>14</flagValue>
<Camera_Matrix type_id="opencv-matrix">
  <rows>3</rows>
  <cols>3</cols>
  <dt>d</dt>
  <data>
    1.9692012744791384e+002 0. 2.1550000000000000e+002 0.
    1.9692012744791384e+002 1.1950000000000000e+002 0. 0. 1.</data></Camera_Matrix>
<Distortion_Coefficients type_id="opencv-matrix">
  <rows>5</rows>
  <cols>1</cols>
  <dt>d</dt>
  <data>
    -2.3298027295864945e-001 6.8766652496249830e-002 0. 0.
    -1.0227131461600442e-002</data></Distortion_Coefficients>
<Avg_Reprojection_Error>6.1873331454200520e-001</Avg_Reprojection_Error>
<Per_View_Reprojection_Errors type_id="opencv-matrix">
  <rows>25</rows>
  <cols>1</cols>
  <dt>f</dt>
  <data>
    1.75448656e-001 1.76600009e-001 2.06879824e-001 1.91035584e-001
    1.90392837e-001 2.09686235e-001 1.83651134e-001 2.12032542e-001
    1.96800888e-001 2.73445034e+000 3.04665625e-001 3.11112285e-001
    3.14645857e-001 3.06740344e-001 3.44329298e-001 3.29269081e-001
    3.38988066e-001 3.62537652e-001 3.55239868e-001 3.45041633e-001
    3.31948310e-001 3.58979046e-001 3.67503732e-001 3.84198815e-001
    3.62841189e-001</data></Per_View_Reprojection_Errors>
<!-- a set of 6-tuples (rotation vector + translation vector) for each view -->
<Extrinsic_Parameters type_id="opencv-matrix">
  <rows>25</rows>
  <cols>6</cols>
  <dt>d</dt>
  <data>
    -6.2363019180607111e-002 5.1541160695680688e-001
    -5.5240838236987541e-002 1.1032375005857384e+002
    -1.1867887865069156e+002 1.8628351594880385e+003
    -6.8700639620875553e-002 5.2561900489233437e-001
    -6.4463478182253758e-002 1.2326559963369168e+002
    -9.0127499546466566e+001 1.8634884041070311e+003
    -7.4152650545047369e-002 5.3894832608724585e-001
    -6.7802750144559179e-002 1.4588355232936519e+002
    -8.2706577465211538e+001 1.8636824110687182e+003
    -7.0685229202592487e-002 5.5231947222118927e-001
    -6.8192723498118793e-002 1.6921979303886556e+002
    -8.7420065623796532e+001 1.8605782008284430e+003
    -6.8183603003307974e-002 5.6672244818239648e-001
    -7.0396042648111931e-002 1.8972345084948327e+002
    -9.6463876956373170e+001 1.8593826142547816e+003
    -6.6121699917953608e-002 5.7364811753611533e-001
    -7.1158679778358755e-002 2.0136976454986134e+002
    -1.0118045615873075e+002 1.8591254881822879e+003
    -6.3923431388434176e-002 5.8307570112292273e-001
    -7.2334459539703244e-002 2.1616016805064450e+002
    -1.0649815567679275e+002 1.8584897371895872e+003
    -6.0682007094532225e-002 5.8773468946699015e-001
    -7.2924112967605814e-002 2.2512651495749253e+002
    -1.1150665254900883e+002 1.8558475856905400e+003
    -6.0341237466841960e-002 5.9204726317643275e-001
    -7.2241489324663885e-002 2.3058334484607764e+002
    -1.1656380706849461e+002 1.8549146080182695e+003
    1.0153968124853628e-002 5.5362415767086393e-001
    -8.6204571906993682e-002 2.0424853669736237e+002
    -1.2547806136863007e+002 1.7913934399978334e+003
    -2.8373838490190578e-002 7.2889104970034424e-001
    -1.0764640810292748e-001 3.7575189450412898e+002
    -2.1259192599595076e+002 1.7657531874627157e+003
    -2.6634590040813515e-002 7.2854073021063714e-001
    -1.0893032202455544e-001 3.7187501210654227e+002
    -2.1453342673024332e+002 1.7654020357118945e+003
    -2.6217400378333630e-002 7.2623243668818094e-001
    -1.0876543565413707e-001 3.6451836737573893e+002
    -2.1829316725044714e+002 1.7646567999343540e+003
    -2.6704237229941096e-002 7.2763022477725547e-001
    -1.0901971152305501e-001 3.6078652687207574e+002
    -2.1851431058056323e+002 1.7661554262965660e+003
    -2.6549109089874741e-002 7.2566372090004749e-001
    -1.0900658579160284e-001 3.5545711035064966e+002
    -2.1701263964958255e+002 1.7656833715350731e+003
    -2.0936873260427494e-002 5.9501487847707502e-001
    -3.5682034596353308e-002 1.4720667054629931e+002
    -2.4196935439772216e+002 1.7949774558067681e+003
    -2.1181832354535111e-002 5.8421130258924847e-001
    -3.0117330776046246e-002 1.2980917158140593e+002
    -2.4237955192624145e+002 1.7954140181500079e+003
    -2.0895770498997816e-002 5.7384587062419223e-001
    -2.5324753725046736e-002 1.1393278903265936e+002
    -2.4246473528842455e+002 1.7961787629947335e+003
    -2.3979182182577413e-002 5.6080217084591177e-001
    -1.9811705741572018e-002 9.6021606541993421e+001
    -2.4192907578550970e+002 1.7968597593803368e+003
    -2.4154218900421947e-002 5.3028371166002641e-001
    -9.4158845075257864e-003 5.5144081719467430e+001
    -2.4094790489705227e+002 1.7956573562753183e+003
    -2.3530333092277460e-002 5.2236395380264911e-001
    -3.8116682203812174e-003 4.1652476246094331e+001
    -2.4522002268545077e+002 1.7951425178793445e+003
    1.5114906883294285e-001 3.8048623114290768e-002
    2.6756669368400376e-001 -4.7195293291480391e+002
    -7.1148402784112966e+002 1.5153759809243022e+003
    1.5077710212295531e-001 4.0728380106452036e-002
    2.6628994995772193e-001 -4.7165544283134449e+002
    -7.0579910860774282e+002 1.5160672839163667e+003
    1.4556205489950114e-001 4.1677267353012373e-002
    2.6609783982842844e-001 -4.7037767235088967e+002
    -7.0334597059890075e+002 1.5191616098534882e+003
    1.4768789096690532e-001 4.1746182976925506e-002
    2.6555248009430144e-001 -4.7022124465402646e+002
    -7.0093569390691232e+002 1.5177143984053484e+003</data></Extrinsic_Parameters>
